# id	left	top	right	bottom	texture_id

[SPRITES]
##### RED #####
# WALK LEFT
71111	28	65	43	92	40
71112	47	65	62	92	40

# WALK RIGHT
71121	603	65	620	92	40
71122	584	65	601	92	40

# SHELL DOWN
71211	71	75	88	90	40
71212	29	96	44	113	40
71213	50	96	65	113	40
71214	71	96	86	113	40

# SHELL UP
71221	29	622	44	639	40
71222	71	644	88	661	40
71223	49	622	66	639	40
71224	70	622	87	639	40


##### GREEN #####
# WALK LEFT
72111	30	118	47	145	40
72112	49	118	66	145	40

# WALK RIGHT
72121	600	118	617	145	40
72122	581	118	598	145	40

# SHELL DOWN
72211	71	126	92	143	40
72212	31	148	48	165	40
72213	52	148	69	165	40
72214	73	148	90	165	40

# SHELL UP
72221	31	570	48	587	40
72222	73	592	92	609	40
72223	52	570	69	587	40
72224	73	570	90	587	40


##### PARA GREEN #####
# FLY LEFT
73111	104	129	121	156	40
73112	124	129	141	156	40
73113	145	129	162	156	40

# FLY RIGHT
73121	526	129	543	156	40
73122	505	129	522	156	40
73123	484	129	501	156	40




# ani_id	sprite1_id	time1	sprite2_id	time2	...

[ANIMATIONS]
##### RED #####
# WALKING
6011	71111	100	71112	100
6012	71121	100	71122	100

# SHELL
6021	71212	100
6022	71221	100

# ATTACKING
6031	71212	100	71213	100	71214	100
6032	71221	100	71223	100	71224	100

# SHELL REFORM
6041	71211	100	71212	100
6042	71222	100	71221	100


##### GREEN #####
# WALKING
6111	72111	100	72112	100
6112	72121	100	72122	100

# SHELL
6121	72212	100
6122	72221	100

# ATTACKING
6131	72212	100	72213	100	72214	100
6132	72221	100	72223	100	72224	100

# SHELL REFORM
6141	72211	100	72212	100
6142	72222	100	72221	100


##### PARA GREEN #####
# FLY
6211	73111	100	73112	100	73113	100
6212	73121	100	73122	100	73123	100